110111101111101011001110110110110000000000000000011111
101010111110000100111000110111100000000000000000011111
101011010110010000010110011000100000000000000000011111
000010000000000001000101000000000000000000100010011111
000000001101001100000000000000010010001000100010011111
000000000000000001000000000100010010001000100010011111
101010100000000100001010000110010010001000100010011111
100001110110110010101100010000000010001000100010011111
100100100101001011111001111000000010001001000100011111
001100000011100100000000101111110100010001000100011111
000100001011010101100010000000010100010001100111011111
100110000110010110000100011010100111011101110111011111
000100110000011110001110011101000111011101110111011111
100110000010101110000100011101010111011101110111011111
000100110001101100000100100000110111011101110111011111
010011011101100001001111110001100111011101100110011111
101100001100100101001001011011100110011001100110011111
011101000111001001101111011001000110011001100110011111
011101010110001101110100011010010110011001100110011111
011011110110111000101101001011010110011001100110011111
001011010010110100101101001011010110011001100110011111
001011010010110100101101001011010110011001100110011111
001011010010110101010100011010000110011001100110011111
011010010111001100100000010101010110011001100110011111
011100110110010101110010001000000110011001100110011111
010001000110000101110100011000010110011001100110011111
011001110111001001100001011011010110011001100110011111
001000000010000001010000011100100110011001100110011111
011011110111010001101111011000110110011001100110011111
011011110110110000100000001000000110011001100110011111
001010000101010101000100010100000110011001100110011111
001010010010000000100000011010010110011001100110011111
011100110010000000100000011001000110011001100110011111
011001010110011001101001011011100110011001100110011111
011001010110010000100000001000000110011001100110011111
011101000110111100100000001000000110011001100110011111
011011010110000101101011011001010110011001100110011111
001000000010000001100001011101100110011001100110011111
011000010110100101101100011000010110011001100110011111
011000100110110001100101001000000110011001100110011111
001000000110000101100100011000010110011001100110011111
011101000110000101100111011100100110011001100110011111
011000010110110100100000001000000110011001100110011111
001000000110110101101111011001000110011001100110011111
011001010010000000100000011011110110011001100110011111
011001100010000000100000011100000110011001100110011111
011000010110001101101011011001010110011001100110011111
011101000010110101110011011101110110011001100110011111
011010010111010001100011011010000110011001100110011111
011001010110010000100000001000000110011001100110011111
001000000110001101101111011011010110011001100110011111
011100000111010101110100011001010110011001100110011111
011100100010000000100000001000000110011001100110011111
011000110110111101101101011011010110011001100110011111
011101010110111001101001011000110110011001100110011111
011000010111010001101001011011110110011001100110011111
011011100000000000000000000000000110101010101010110001
000000000000000000000000000000001000100010001000000000
000000000000000000000000000000001000100010001000000000
000000000000000000000000000000001000100010001000000000
000000000000000000000000000000001000100010001000000000
000000000000000000000000000000001000100010001000000000
000000000000000000000000000000001000100010001000000000
000000000000000000000000000000001000100010001000000000
000000000000000000000000000000001000100010001000000000
000000000000000000000000000000001000100010001000000000
000000000000000000000000000000001000100010001000000000
110111101111101011001110110110110000000000000000011111
101010111110000100111000110111100000000000000000011111
101011010110010000010110011000100000000000000000011111
000010000000000001000101000000000000000000100010011111
000000101000010000000000000000010010001000100010011111
000000000000000001000000000100010010001000100010011111
101010000101000000001010000110010010001000100010011111
100001110110110010101100010000000010001000100010011111
100100100101001011111001111000000010001001000100011111
001100000011100100000010011100000100010001000100011111
111011010011001101100000101100110100010001100111011111
011000001001000101001110101110000111011101110111011111
110101001010100001011010110111010111011101110111011111
011101101101010111110000101010000111011101110111011111
100110001101001101001100000011100111011101110111011111
100010000000000111100010011110000111011101100110011111
000010100000101000100000001000000110011001100110011111
001000000010000000100000001000000110011001100110011111
001000000010000000100000001000000110011001100110011111
001000000010000000100000001000000110011001100110011111
001000000010000000100000001000000110011001100110011111
001100000010000000100000001000000110011001100110011111
001000000010000000100000001101110110011001100110011111
001000000011100000100000001000000110011001100110011111
001000000010000000100000001100010110011001100110011111
001101010010000000110001001101100110011001100110011111
001000000010000000100000001000000110011001100110011111
001100100011001100100000001100100110011001100110011111
001101000010000000100000001000000110011001100110011111
001000000011001100110001000010100110011001100110011111
001000000010000000100000001000000110011001100110011111
001000000010000000100000001000000110011001100110011111
001000000010000000100000001000000110011001100110011111
001000000010000000100000001000000110011001100110011111
001000000010101100101101001011010110011001100110011111
001011010010110100101101001011010110011001100110011111
001011010010110100101011001011010110011001100110011111
001011010010110100101101001011010110011001100110011111
001011010010110100101101001010110110011001100110011111
001011010010110100101101001011010110011001100110011111
001011010010110100101101001011010110011001100110011111
001010110010110100101101001011010110011001100110011111
001011010010110100101101001011010110011001100110011111
001011010010101100001010001000000110011001100110011111
001000000010000000100000001000000110011001100110011111
001000000010000000100000001000000110011001100110011111
001000000010000000100000001000000110011001100110011111
001000000010000000100000001000000110011001100110011111
011111000010000000100000001000000110011001100110011111
001000000010000001010011011011110110011001100110011111
011101010111001001100011011001010110011001100110011111
001000000010000000100000001000000110011001100110011111
001000000010000001111100001000000110011001100110011111
001000000010000001000100011001010110011001100110011111
011100110111010001101001011011100110011001100110011111
011000010111010001101001011011110110011001100110011111
011011100010000000100000001000000110011001100110011111
011111000000101000100000001000000110011001100110011111
001000000010000000100000001000000110011001100110011111
001000000010000000100000001000000110011001100110011111
001000000010000000100000001000000110011001100110011111
001000000010000000100000011111000110011001100110011111
001000000010000000100000001000000110011001100110011111
001000000010000001010000011011110110011001100110011111
011100100111010000100000001000000110011001100110011111
001000000010000000100000001000000110011001100110011111
001000000111110000100000001000000110011001100110011111
001000000010000000100000001000000110011001100110011111
010100000110111101110010011101000110011001100110011111
001000000010000000100000001000000110011001100110011111
001000000010000000100000011111000110011001100110011111
000010100010000000100000001000000110011001100110011111
001000000010000000100000001000000110011001100110011111
001000000010000000100000001000000110011001100110011111
001000000010000000100000001000000110011001100110011111
001000000010000000101011001011010110011001100110011111
001011010010110100101101001011010110011001100110011111
001011010010110100101101001010110110011001100110011111
001011010010110100101101001011010110011001100110011111
001011010010110100101101001011010110011001100110011111
001010110010110100101101001011010110011001100110011111
001011010010110100101101001011010110011001100110011111
001011010010101100101101001011010110011001100110011111
001011010010110100101101001011010110011001100110011111
001011010010110100101011000010100110011001100110011111
001000000010000000100000001000000110011001100110011111
001000000010000000100000001000000110011001100110011111
001000000010000000100000001000000110011001100110011111
001000000010000000100000001000000110011001100110011111
001000000111110000100000001000000110011001100110011111
001000000010000000100000001000000110011001100110011111
001000000010000000100000001000000110011001100110011111
001000000010000000100000001000000110011001100110011111
001000000010000000100000011111000110011001100110011111
001000000010000000100000001000000110011001100110011111
001000000010000000100000001000000110011001100110011111
001000000010000000100000001000000110011001100110011111
001000000010000000100000001000000110011001100110011111
001000000111110000001010001000000110011001100110011111
001000000010000000100000001000000110011001100110011111
001000000010000000100000001000000110011001100110011111
001000000010000000100000001000000110011001100110011111
001000000010000000100000001000000110011001100110011111
011111000010000000100000001000000110011001100110011111
001000000010000001001100011001010110011001100110011111
011011100110011101110100011010000110011001100110011111
001000000010000000100000001000000110011001100110011111
001000000010000001111100001000000110011001100110011111
001000000010000000100000010000110110011001100110011111
011010000110010101100011011010110110011001100110011111
011100110111010101101101001000000110011001100110011111
001000000010000000100000001000000110011001100110011111
011111000000101000100000001000000110011001100110011111
001000000010000000100000001000000110011001100110011111
001000000010000000100000001000000110011001100110011111
001000000010000000100000001000000110011001100110011111
001000000010000000100000001010110110011001100110011111
001011010010110100101101001011010110011001100110011111
001011010010110100101101001011010110011001100110011111
001010110010110100101101001011010110011001100110011111
001011010010110100101101001011010110011001100110011111
001011010010101100101101001011010110011001100110011111
001011010010110100101101001011010110011001100110011111
001011010010110100101011001011010110011001100110011111
001011010010110100101101001011010110011001100110011111
001011010010110100101101001010110110011001100110011111
000010100010000000100000001000000110011001100110011111
001000000010000000100000001000000110011001100110011111
001000000010000000100000001000000110011001100110011111
001000000010000000100000001000000110011001100110011111
001000000010000001111100000010100110011001100110011111
001000000010000000100000001000000110011001100110011111
001000000010000000100000001000000110011001100110011111
001000000010000000100000001000000110011001100110011111
001000000010000000100000001000000110011001100110011111
001000000111110000100000001000000110011001100110011111
001000000010000000100000001000000110011001100110011111
001000000010000000100000001000000110011001100110011111
011001000110000101110100011000010110011001100110011111
001000000110111101100011011101000110011001100110011111
011001010111010001110011001000000110011001100110011111
001011100010111000101110000010100110011001100110011111
001000000010000000100000001000000110011001100110011111
001000000010000000100000001000000110011001100110011111
001000000010000000100000001000000110011001100110011111
001000000010000000100000001000000110011001100110011111
001000000010101100101101001011010110011001100110011111
001011010010110100101101001011010110011001100110011111
001011010010110100101101001011010110011001100110011111
001011010010110100101101001011010110011001100110011111
001011010010110100100000001011100110011001100110011111
001011100010111000001010000010100110011001100110011111
001000000010000000100000001000000110011001100110011111
001000000010000000100000001000000110011001100110011111
001000000010000000100000001000000110011001100110011111
001000000010000000100000001000000110011001100110011111
001000000010000000100000001000000110011001100110011111
001000000010000001010101011100110110011001100110011111
011001010111001000100000010001000110011001100110011111
011000010111010001100001011001110110011001100110011111
011100100110000101101101001000000110011001100110011111
010010000110010101100001011001000110011001100110011111
011001010111001000100000010001100110011001100110011111
011011110111001001101101011000010110011001100110011111
011101000000101000000000000000000110011010101010111001
000000000000000000000000000000001000100010001000000000
000000000000000000000000000000001000100010001000000000
000000000000000000000000000000001000100010001000000000
000000000000000000000000000000001000100010001000000000
000000000000000000000000000000001000100010001000000000
000000000000000000000000000000001000100010001000000000
000000000000000000000000000000001000100010001000000000
000000000000000000000000000000001000100010001000000000
000000000000000000000000000000001000100010001000000000
000000000000000000000000000000001000100010001000000000
000000000000000000000000000000001000100010001000000000
000000000000000000000000000000001000100010001000000000
000000000000000000000000000000001000100010001000000000
000000000000000000000000000000001000100010001000000000
000000000000000000000000000000001000100010001000000000
000000000000000000000000000000001000100010001000000000
000000000000000000000000000000001000100010001000000000
000000000000000000000000000000001000100010001000000000
000000000000000000000000000000001000100010001000000000
000000000000000000000000000000001000100010001000000000
000000000000000000000000000000001000100010001000000000
000000000000000000000000000000001000100010001000000000
000000000000000000000000000000001000100010001000000000
000000000000000000000000000000001000100010001000000000
000000000000000000000000000000001000100010001000000000
000000000000000000000000000000001000100010001000000000
000000000000000000000000000000001000100010001000000000
000000000000000000000000000000001000100010001000000000
000000000000000000000000000000001000100010001000000000
000000000000000000000000000000001000100010001000000000
000000000000000000000000000000001000100010001000000000
000000000000000000000000000000001000100010001000000000
000000000000000000000000000000001000100010001000000000
000000000000000000000000000000001000100010001000000000
000000000000000000000000000000001000100010001000000000
000000000000000000000000000000001000100010001000000000
000000000000000000000000000000001000100010001000000000
000000000000000000000000000000001000100010001000000000
000000000000000000000000000000001000100010001000000000
000000000000000000000000000000001000100010001000000000
110111101111101011001110110110110000000000000000011111
101010111110000100111000110111100000000000000000011111
101011010110010000010110011000100000000000000000011111
000010000000000001000101000000000000000000100010011111
000000010011100100000000000000010010001000100010011111
000000000000000001000000000100010010001000100010011111
101010011001101100001010000110010010001000100010011111
100001110110110010101100010000000010001000100010011111
100100100101001011111001111000000010001001000100011111
001100000011100100000001001001010100010001000100011111
000111100010000101100011000000010100010001100111011111
100110000110010110000100011010100111011101110111011111
000100110000011110001110011101000111011101110111011111
100110000010101110000100011101010111011101110111011111
000100110001101100000100100000110111011101110111011111
010011011101100001001111000000000111011101100110011111
110001101011000011001010000000000110011001100110011111
010100110110111101110101011100100110011001100110011111
011000110110010100100000010100000110011001100110011111
011011110111001001110100001000000110011001100110011111
011010010111001100100000011000010110011001100110011111
011011100010000001101111011100000110011001100110011111
011101000110100101101111011011100110011001100110011111
011000010110110000100000011001100110011001100110011111
011010010110010101101100011001000110011001100110011111
001011000010000001110111011010000110011001100110011111
011001010110111000100000011011010110011001100110011111
011001010110000101101110011010010110011001100110011111
011011100110011101100110011101010110011001100110011111
011011000010110000100000011010010110011001100110011111
011101000010000001101001011011100110011001100110011111
011001000110100101100011011000010110011001100110011111
011101000110010101110011001000000110011001100110011111
011101000110100001100101001000000110011001100110011111
011100000110111101110010011101000110011001100110011111
000010100110111101100110001000000110011001100110011111
011101000110100001100101001000000110011001100110011111
011100110110010101101110011001000110011001100110011111
011010010110111001100111001000000110011001100110011111
001000000111000001110010011011110110011001100110011111
011000110110010101110011011100110110011001100110011111
001011000010000000100000011000010110011001100110011111
011011100110010000100000011011010110011001100110011111
011000010111100100100000011000100110011001100110011111
011001010010000001100001011100110110011001100110011111
011100110111010101101101011001010110011001100110011111
011001000010000000100000011101000110011001100110011111
011011110010000001100010011001010110011001100110011111
001000000111010001101000011001010110011001100110011111
001000000111000001101111011100100110011001100110011111
011101000010000000100000011101000110011001100110011111
011011110010000001110111011010000110011001100110011111
011010010110001101101000001000000110011001100110011111
011000010000101001110010011001010110011001100110011111
011100000110110001111001001000000110011001100110011111
011100110110100001101111011101010110011001100110011111
011011000110010000100000001000000110011001100110011111
011000100110010100100000011000010110011001100110011111
011001000110010001110010011001010110011001100110011111
011100110111001101100101011001000110011001100110011111
001000000010000001101001011011100110011001100110011111
001000000111010001101000011001010110011001100110011111
001000000110000101100010011100110110011001100110011111
011001010110111001100011011001010110011001100110011111
001000000110111101100110001000000110011001100110011111
011000010110111001111001001000000110011001100110011111
011011110111010001101000011001010110011001100110011111
011100100010000001101001011011100110011001100110011111
011001100110111101110010011011010110011001100110011111
011000010111010001101001011011110110011001100110011111
011011100010111000100000000000000110011001100110011111
001000000100100101100110000010100110011001100110011111
011011100110111101110100001000000110011001100110011111
011101010111001101100101011001000110011001100110011111
001011000010000001100001001000000110011001100110011111
011101100110000101101100011101010110011001100110011111
011001010010000001101111011001100110011001100110011111
001000000111101001100101011100100110011001100110011111
011011110010000001101001011100110110011001100110011111
001000000110100101101110011100110110011001100110011111
011001010111001001110100011001010110011001100110011111
011001000010111000001010000000000110011001101010111101
110111101111101011001110110110110000000000000000011111
101010111110000100111000110111100000000000000000011111
101011010110010000010110011000100000000000000000011111
000010000000000001000101000000000000000000100010011111
000000010011011000000000000000010010001000100010011111
000000000000000001000000000100010010001000100010011111
101010011001111000001010000110010010001000100010011111
100001110110110010101100010000000010001000100010011111
100100100101001011111001111000000010001001000100011111
001100000011100100000001001000100100010001000100011111
101101111111101001100011000000010100010001100111011111
100110000110010110000100011010100111011101110111011111
000100110000011110001110011101000111011101110111011111
100110000010101110000100011101010111011101110111011111
000100110001101100000100100000110111011101110111011111
010011011101100001001111000000000111011101100110011111
110001101011000011001011010001000110011001100110011111
011001010111001101110100011010010110011001100110011111
011011100110000101110100011010010110011001100110011111
011011110110111000100000001000000110011001100110011111
010100000110111101110010011101000110011001100110011111
001000000110100001100001011100110110011001100110011111
001000000110000100100000011011010110011001100110011111
011001010110000101101110011010010110011001100110011111
011011100110011100100000001000000110011001100110011111
011101110110100101110100011010000110011001100110011111
011010010110111000100000001000000110011001100110011111
011101000110100001100101001000000110011001100110011111
001000000110001101101111011011100110011001100110011111
011101000110010101111000011101000110011001100110011111
001000000010000001101111011001100110011001100110011111
001000000010000001100001001000000110011001100110011111
001000000111000001100001011100100110011001100110011111
011101000110100101100011011101010110011001100110011111
011011000110000101110010000010100110011001100110011111
011010010110111001110100011001010110011001100110011111
011100100110111001100101011101000110011001100110011111
001000000110010001100101011100110110011001100110011111
011101000110100101101110011000010110011001100110011111
011101000110100101101111011011100110011001100110011111
001000000110000101100100011001000110011001100110011111
011100100110010101110011011100110110011001100110011111
001011100000101000001010010011000110011001100110011111
011001010110111001100111011101000110011001100110011111
011010000010000000100000011010010110011001100110011111
011100110010000001110100011010000110011001100110011111
011001010010000001101100011001010110011001100110011111
011011100110011101110100011010000110011001100110011111
001000000010000001101001011011100110011001100110011111
001000000110111101100011011101000110011001100110011111
011001010111010001110011001000000110011001100110011111
001000000110111101100110001000000110011001100110011111
011101000110100001101001011100110110011001100110011111
001000000111010101110011011001010110011001100110011111
011100100010000001100100011000010110011001100110011111
011101000110000101100111011100100110011001100110011111
011000010110110100100000001000000110011001100110011111
011010010110111001100011011011000110011001100110011111
011101010110010001101001011011100110011001100110011111
011001110010000000100000011101000110011001100110011111
011010000110100101110011000010100110011001100110011111
011010000110010101100001011001000110011001100110011111
011001010111001000100000001000000110011001100110011111
011000010110111001100100001000000110011001100110011111
011101000110100001100101001000000110011001100110011111
011001000110000101110100011000010110011001100110011111
001011100010000000100000001000000110011001100110011111
001010000101010001101000011010010110011001100110011111
011100110010000000100000011011010110011001100110011111
011001010110000101101110011100110110011001100110011111
001000000010000001110100011010000110011001100110011111
011001010010000001101101011010010110011001100110011111
011011100110100101101101011101010110011001100110011111
011011010010000001110110011000010110011001100110011111
011011000111010101100101001000000110011001100110011111
011011110110011000100000011101000110011001100110011111
011010000110010100100000011011000110011001100110011111
011001010110111001100111011101000110011001100110011111
011010000010000001101001011100110110011001100110011111
000010100110010101101001011001110110011001100110011111
011010000111010000101110001010010110011001100110111111
